K:525 525   0 320 240
nums: 5
trajectory: 10 0 0 0.5 0.5 -0.5 -0.5 bounds: 214.471 81.7065 425.529 398.293
trajectory: 0 -10 0 -0.707107 0 0 0.707107 bounds: 266.417 79.2522 373.583 400.748
trajectory: -5 5 0 -0.270598 0.653281 -0.653281 0.270598 bounds: 181.842  11.475     425 468.525
trajectory: 0 10 0 0 0.707107 -0.707107 0 bounds: 266.417 79.2522 373.583 400.748
trajectory: 10 0 0 0.5 0.5 -0.5 -0.5 bounds: 214.471 81.7065 425.529 398.293